05.20
05.28
05.36
05.44
05.52
06.00
06.08
06.16
06.24
06.32
06.40
06.48
06.56
07.04
07.12
07.20
07.28
07.36
07.44
07.52
08.00
08.08
08.16
08.24
08.32
08.40
08.48
08.56
09.04
09.08
09.16
09.25
09.35
09.45
09.55
10.05
10.15
10.25
10.35
10.45
10.55
11.05
11.15
11.25
11.35
11.45
11.55
12.05
12.15
12.25
12.35
12.45
12.55
13.05
13.15
13.25
13.35
13.45
13.53
14.01
14.13
14.21
14.29
14.37
14.45
14.53
15.01
15.09
15.17
15.25
15.33
15.41
15.49
15.57
16.05
16.13
16.21
16.29
16.37
16.45
16.53
17.01
17.09
17.17
17.25
17.33
17.41
17.49
17.57
18.05
18.13
18.21
18.35
18.45
18.55
19.05
19.15
19.25
19.35
19.45
19.55
20.05
20.15
20.25
20.35
20.45
20.55
21.05
21.15
21.25
21.35
21.45
21.55
22.05
22.15
22.25
22.35
22.45
22.55
23.05