05.37
05.45
05.53
06.01
06.09
06.17
06.25
06.33
06.41
06.49
06.57
07.05
07.13
07.21
07.29
07.37
07.45
07.53
08.01
08.09
08.17
08.25
08.33
08.41
08.49
08.57
09.05
09.13
09.21
09.29
09.37
09.45
09.55
10.05
10.15
10.25
10.35
10.45
10.55
11.05
11.15
11.25
11.35
11.45
11.55
12.05
12.15
12.25
12.35
12.45
12.55
13.05
13.15
13.25
13.35
13.45
13.55
14.05
14.14
14.22
14.30
14.38
14.46
14.54
15.02
15.10
15.18
15.26
15.34
15.42
15.50
15.58
16.06
16.14
16.22
16.30
16.38
16.46
16.54
17.02
17.10
17.18
17.26
17.34
17.42
17.50
17.58
18.06
18.14
18.22
18.30
18.38
18.46
18.55
19.05
19.15
19.25
19.35
19.45
19.55
20.05
20.15
20.25
20.35
20.45
20.55
21.05
21.15
21.25
21.35
21.45
21.55
22.05
22.15
22.25
22.35
22.45
22.55
23.05
23.15
23.25