05.33
05.41
05.49
05.57
06.05
06.13
06.21
06.29
06.37
06.45
06.53
07.01
07.09
07.17
07.25
07.33
07.41
07.49
07.57
08.05
08.13
08.21
08.29
08.37
08.45
08.53
09.01
09.09
09.17
09.25
09.33
09.41
09.50
10.00
10.10
10.20
10.30
10.40
10.50
11.00
11.10
11.20
11.30
11.40
11.50
12.00
12.10
12.20
12.30
12.40
12.50
13.00
13.10
13.20
13.30
13.40
13.50
14.00
14.10
14.18
14.26
14.34
14.42
14.50
14.58
15.06
15.14
15.22
15.30
15.38
15.46
15.54
16.02
16.10
16.18
16.26
16.34
16.42
16.50
16.58
17.06
17.14
17.22
17.30
17.38
17.46
17.54
18.02
18.10
18.18
18.26
18.34
18.42
18.50
19.00
19.10
19.20
19.30
19.40
19.50
20.00
20.10
20.20
20.30
20.40
20.50
21.00
21.10
21.20
21.30
21.40
21.50
22.00
22.10
22.20
22.30
22.40
22.50
23.00
23.10
23.20