05.24
05.32
05.40
05.48
05.56
06.04
06.12
06.20
06.28
06.36
06.44
06.52
07.00
07.08
07.16
07.24
07.32
07.40
07.48
07.56
08.04
08.12
08.20
08.28
08.36
08.44
08.52
09.00
09.12
09.20
09.30
09.40
09.50
10.00
10.10
10.20
10.30
10.40
10.50
11.00
11.10
11.20
11.30
11.40
11.50
12.00
12.10
12.20
12.30
12.40
12.50
13.00
13.10
13.20
13.30
13.40
13.49
13.57
14.05
14.09
14.17
14.25
14.33
14.41
14.49
14.57
15.05
15.13
15.21
15.29
15.37
15.45
15.53
16.01
16.09
16.17
16.25
16.33
16.41
16.49
16.57
17.05
17.13
17.21
17.29
17.37
17.45
17.53
18.01
18.09
18.17
18.25
18.30
18.40
18.50
19.00
19.10
19.20
19.30
19.40
19.50
20.00
20.10
20.20
20.30
20.40
20.50
21.00
21.10
21.20
21.30
21.40
21.50
22.00
22.10
22.20
22.30
22.40
22.50
23.00
23.10